1
1000 1000
928413563 928630901
602287469 602436426
763664179 764515810
227647970 227812093
831491374 831790249
894669976 894705194
900896520 900921529
348982160 349048828
208193081 209290065
55760010 55996994
940938348 942747639
125660016 125687882
647468697 648100770
108877281 109005214
248102082 248789992
530971066 531569123
320425692 320880449
258668370 260124456
76819930 76823620
585134836 585936614
621939065 622011963
112154974 112471161
235186978 235555851
605847472 607469609
754905542 755058754
375346733 376139905
266376975 266776371
283864597 283891837
8119584 8347611
592434084 592884581
433933447 434476254
484740319 484873953
108639920 108687147
912001777 912288344
127542633 127723972
616751649 617350189
139980814 140740989
417775910 417787658
193024888 193618389
174051828 174616807
858824238 858855302
663860749 664015388
945352877 945829555
854754448 856476061
17493698 18125894
531754136 532880214
89453239 91883220
158728118 159251051
732593737 732809466
668535436 670256636
103001554 104384365
504088998 504432321
322556507 323792535
913575467 913613324
447179435 447285332
298653413 298872868
350034067 350891151
625405836 625582346
82588835 83003299
208032501 208084443
554002702 554262957
877060702 877489478
419298939 419393931
798387369 799975583
601230605 601655395
595943309 596510995
883663413 883833547
914591429 914664943
720649262 720694973
385019495 385028250
971407775 971728495
492686568 492805526
968262334 968351289
281450237 281662462
190870607 191081960
199712366 200008110
128098808 128767885
37779594 38088018
888635433 888649867
272364918 273319593
992340977 993059368
32420495 32618377
81469525 82565240
540049650 540438516
649059103 649161243
449910518 450595359
463685721 464293056
168476076 168626134
608441376 608915963
246896936 247217653
242790881 244157605
180999835 181091709
897088413 897273517
409233792 409640380
770079222 770179343
386425020 386887356
955071880 955122098
288875070 288918505
318863571 319497119
860419331 860534141
588958949 588992539
346576462 346802542
412078656 412205567
404011431 404147439
110908700 111213781
278609930 279509806
704861920 705025732
231218617 232106000
713114427 713782548
171002892 171108430
895302589 895309785
644322683 644574187
846356995 846414216
321122521 322056553
503356284 503860144
678472635 678710212
382179031 382268543
913678360 914403172
497506352 497603443
417016757 417325792
232543591 233105051
600358504 600753696
604327472 605691286
509928121 510482004
8454496 8867391
529193518 529213711
575037420 575207354
338683702 339210181
850982850 851363568
763348329 763382011
122767456 123156112
943890428 943974743
966816097 966876944
989248231 989274284
1828294 1849130
904382193 904769795
724872778 726369889
856755047 857071226
818008580 818442884
770924419 771024920
901985758 902223115
714474064 714924897
961950938 962621591
428263717 428579953
583233179 583422220
311455945 311597689
837573793 837725552
359199299 359294351
610066926 610338520
686685403 687593889
182076035 182916097
493999250 495229747
292167150 292691930
953758357 954291757
76500789 76702790
615808532 615878375
521447585 521982053
317361579 317441890
382650009 383113089
169940553 169955959
361262434 361827479
43738620 44685743
444723554 446521410
479567318 480054507
635331252 636043565
314922396 315726007
728659672 729840315
924486323 924525652
642176095 642999768
603709546 603896671
370366488 370689334
700666621 700869995
169764728 169848610
273526101 273814231
796312013 797829355
204213886 204258614
862773211 863258800
533206504 534407965
968374453 968658690
375071921 375291068
226309913 226536397
12851090 12922927
792456675 792491338
543487355 545531545
622048299 623164549
500540152 501569553
304489019 304581939
326976643 327654525
399791488 403652496
86981498 87027328
887982144 888577434
284436975 285702532
879836673 879872314
317063340 317154902
639748119 639762306
801200397 802329211
168008855 168259112
157641823 158100373
45411991 45480206
416270780 416380956
978362371 978396802
916648954 918788727
80507149 80656954
214278326 214817878
254246567 255630757
430302156 430362076
31262034 31925872
869370122 870552559
485542331 487330126
43222378 43272768
168781191 169102654
464788423 465810281
330942460 331213070
511519039 512512849
582432159 583032535
471830398 472155517
883168573 883315680
220238159 221479259
517711375 517883144
574671008 574707501
523845902 524559788
462224593 463020504
868055759 868178438
102338323 102685545
910286918 910480166
180302992 180938974
832314763 833087002
913072646 913495663
34224248 35553226
911816417 911933548
568523499 568711277
211620052 213114005
265092947 265553444
380856120 381087652
122499207 122530609
164112045 164163676
548830562 549157941
761764130 762414445
860076763 860394489
981685674 981818967
434654931 434688376
969793590 970538555
952556224 952563082
383983969 384836991
981964503 982631932
436315247 437108345
266874950 267281787
726664558 727751951
88916678 89364645
556549925 556605449
547830352 547904581
772672943 773241696
923652447 923978460
441504628 441798183
40422589 40794111
753776228 754052805
183199736 183327874
453569111 453651993
213283892 214248521
936437408 936531854
215208399 215990441
118539829 119084313
458482217 460420938
130056528 131189178
571284025 571679332
451072488 452177325
661269161 661757885
73612331 73678070
328655558 329266181
575528528 576360685
660381903 661126878
190081154 190645911
276199215 277429832
741106986 741452977
63098328 63326222
144262638 144887766
971016913 971372104
456662012 457143635
191890310 192164841
522944374 523628058
357456702 357958961
600827340 601051412
275205906 275295748
146179390 147211847
406765063 408515889
238564364 239127430
483777764 484067266
377665524 378088699
957165157 957766427
984611856 985218864
192743672 192884239
812053310 812811094
138996221 139623660
354698128 355563784
92357163 92359747
222572461 223404345
841245343 842228881
301313047 301768399
273930331 274400592
757708023 758245871
35569790 35720434
944502381 944593883
861648772 862211593
189766466 190040004
316712053 317054041
554641106 555217772
974517488 974869661
731963982 732082117
867768593 867979674
543082234 543287611
628894325 629049791
674323809 675811768
245170707 245402483
936844810 937291612
65811660 67181740
899019130 899116124
14723492 16108785
27133656 27172325
261062940 262703497
2631473 2788143
280065613 280117483
738464254 738587154
882071834 882553151
818586319 818801919
64203312 64692967
833512070 833618000
528726651 528977370
784896761 784914566
651130518 652194727
286008473 286471526
260356364 260933277
717081067 718590164
381260289 381483144
834338545 834589458
425629293 426737542
381488668 381562715
822804784 823623822
954613899 954621185
920736932 920859755
274510571 275127176
893284199 893508913
684747135 686634179
633009152 633441124
815749174 815921328
626943175 627340996
413251482 413488920
265581785 265804420
394002980 395943269
22964870 23953879
13801515 14183002
222034246 222486377
804409449 805231365
164762830 164994352
635198544 635265400
418102034 419053521
909545653 909664305
353195922 353453224
448242685 449212721
360286413 360381923
313739731 313746600
437488151 437626345
643669394 643931040
892499314 892692199
743313535 744764271
175667143 177840823
707220555 707274998
315839737 316412581
353542015 353546539
559083757 560986613
740937455 741081971
61673357 61926261
109705035 110242238
815944008 816013356
617400841 617483637
578980741 579218007
664674386 664785583
298097110 298309896
312069385 313213296
703619863 703864375
108156786 108631841
978611996 979560114
751608433 751627327
975012547 975177903
780905800 780964862
359911957 360117961
356038133 356682437
47628333 47739191
702179569 703476263
173401394 173959990
868330318 868619016
771949652 772353155
730803494 731661785
814947193 815204438
454911083 454981733
564728237 564794434
296901378 297446671
837291352 837444256
206093879 206347466
132612310 133035659
997981495 998816003
92921907 92953024
778648246 779302743
902534850 903601200
329365263 329369908
530532285 530832080
102715241 102734145
379394235 380160952
547975748 548177147
173262669 173378935
313928873 314622620
537058698 537560717
354393456 354694643
297700405 298069613
858990763 859620096
774672537 774825524
791115819 792345559
266147174 266229697
204790789 205607179
697840097 698886343
664904223 665456095
454062406 454413866
963680175 963696419
63382477 63942363
907212485 908130606
41984542 42439764
846216104 846242214
211047202 211232793
128792089 129557902
695198037 697253713
775999996 776027381
294644795 296426773
766046659 766189344
562359986 562517113
87804773 88664061
994309826 995847725
923563110 923648933
74160486 75794847
141577225 142420898
687984591 689881886
682590548 683053801
773361868 773599974
980050276 980572646
310388826 311160783
844739710 846045895
871216480 871640720
963973925 966495306
768424719 770029734
149811929 150913508
958729232 958890581
610450725 610499118
637617104 638207915
525561719 527003384
822365411 822568836
553437430 553891698
162211599 163722408
644609399 644727204
831297816 831486954
616613699 616706333
406264807 406528293
666538409 667480040
137709065 137831502
877914575 878985664
665856023 666159126
367824179 368345777
347660428 348825537
250708774 250930049
553244458 553312273
758648646 761757720
988670052 989214957
138583557 138672172
481765405 482431523
80104323 80190138
236616286 237894876
648151054 648289973
513882199 513990525
374281898 374309545
546078275 546591055
304253939 304368142
589903429 590890974
410751406 411177881
298899450 299001081
450968417 451046817
195325623 195400157
4286557 5223396
550997253 551807410
711374093 711438797
821477280 821562049
158260522 158580531
650158954 650287940
810971653 811138614
889089200 889270962
398374721 398596359
3142445 3582595
653591099 654535647
803189770 803740119
597902643 598270939
864295865 864661473
200555922 201725743
156700085 157086378
396941015 397154549
810722471 810900084
902503001 902517686
197664966 197720766
573012372 574524972
154290747 154348796
126778490 127354980
929876961 930248423
619696523 620352453
116577172 117675430
632488502 632516505
36571886 37119022
446677823 446954154
72502590 73141342
903801879 904311304
805736149 806220268
165123224 166183127
872179513 872927591
889704917 890192054
218875376 218915329
37237759 37328617
468286477 469148124
679118131 679600256
303238506 304075268
677125071 677762122
958963982 961445582
842635740 842951780
264430717 264466652
505207875 505226095
880895728 881989018
921994042 922390943
905108647 906276274
121473863 121514850
708566822 708959592
161735902 161973616
529699978 529887894
217310428 218576693
59874782 61026274
179021274 179125418
155374934 155589629
433700475 433715151
377054997 377193271
115608096 115876846
336104387 338674576
896826741 897009845
710242995 710482923
850385413 850847851
522324952 522508865
847599831 850133121
645167273 645590056
514398709 514705483
440522751 441114664
467510003 467569858
579403923 579632623
556097829 556344345
656766283 657850948
420528882 420882263
491158940 491824178
469187475 469547464
463175776 463664767
644803100 645010898
387901847 388089784
432443377 433293654
70422962 70804970
387235729 387677445
627555688 627881528
737604181 737632711
306558627 306776651
911276387 911506397
135106665 135937782
318677657 318712177
840464612 840569633
422235736 423428372
335791582 335916571
987743351 988188747
189188535 189330739
581738954 582042224
233385892 233703686
721977050 722244857
396743650 396836111
341479717 341708720
361853040 363423721
587836576 588097828
568972762 569328197
570592402 570922747
437681121 437780951
207278723 207743854
999262359 999698901
16443138 16497484
555455549 555949806
790300264 790318645
499354959 499482549
534977822 536335885
773976920 774034433
552351268 552754434
229941122 230062778
593073275 593854979
715531 1061215
625833811 626803429
80856843 80898677
932280210 932363342
12675627 12729744
956482562 956560063
200182436 200548343
119183522 119270608
690764345 691146618
455120476 455607664
187788939 188796716
677959980 678016656
809065135 809364780
170565706 170972117
720116656 720187581
623233647 623668750
333261091 334260377
216070266 216478952
525176794 525232298
873556334 876888853
752837575 753396007
439139640 439260145
722388045 722657651
648474782 648921164
64847656 64964104
747492925 747623146
397670887 397819589
749254031 749361131
386147801 386209664
24191620 24362362
505076325 505187251
201731258 202075550
784941571 785854485
916411562 916445904
329809383 330412629
455797489 456060679
171803064 172664807
886335166 887357564
53189895 54722828
837993545 838408081
286741456 286986530
50253940 50590117
840033224 840284853
858015430 858408270
935076228 935422061
289171706 291673431
386958442 387231248
786633107 787179775
989452888 990128482
416808051 416887674
452291197 453290536
38233807 38573471
935604049 936333553
528052958 528554314
538011560 538724515
611974979 612293976
471708200 471709580
391231487 392908783
25659032 25871531
884238645 884309587
914881111 916280965
741829965 742927694
191732856 191773963
956802736 957106688
891668825 891925138
711680031 712670206
341882280 343561197
16266949 16317200
599291483 599715811
985526739 986067151
249657649 250292194
121786703 122323933
434804553 435411231
68242547 69066013
225544294 226169361
824118968 824284691
840594328 840803670
137832737 138211599
947090243 947792922
129718124 129816176
613363438 613473266
369536302 369584967
258279694 258387455
112700304 113348643
233949064 234828607
892759291 893229302
614011456 615679623
738597788 739168893
735799944 736386595
269621816 269978523
721022306 721968730
908704856 909210982
658011496 658384364
475516516 475929237
571910661 572428898
825531069 825794710
772504361 772650769
351540018 351978837
372908211 373203259
770718683 770781527
521285805 521345173
306832972 306890639
718917037 719713741
754648027 754884533
360472167 360556289
723473541 723969326
577285518 577643223
26697435 26996264
554374432 554525905
612811986 613202515
756443993 756485029
493312766 493495698
308635082 310203078
843648311 844052301
508904516 509430054
441308944 441414148
940090410 940778720
833232849 833444535
598676141 599018833
541360906 542079271
9442349 9676858
1128591 1387006
659288151 659369464
576768546 576823355
832102486 832107735
22387865 22451673
230397706 230869323
227878228 228067022
746048251 746151126
375000114 375031613
20653889 21197987
142632275 143871713
561146656 562293041
498209279 499347686
370816803 372334274
38662062 38677172
95163840 95417403
13529136 13587685
639433717 639479498
305210607 306181905
109102235 109205766
123373321 123606965
565677649 568112300
662905763 663851401
671458132 672121743
749994685 751440732
603166565 603414714
692908698 693035862
478539926 479210404
781656301 782177068
18988046 19467157
131381221 131863700
183856471 185404859
775122742 775236236
119877307 121344520
930574630 931896632
976165655 977452494
94522925 94576456
747368688 747442053
19962687 20031344
22509536 22648149
951300599 951883261
242260322 242483674
466683986 467186542
707678577 707723857
318236398 318238297
333218 565085
219085843 219371588
251893295 253906769
519216315 520558429
447504964 447691312
339264127 339701654
160449218 160763104
873242282 873542149
209376908 209550382
83054282 83696932
352552583 353107211
428899544 430291404
937443031 938207958
672488841 673419335
77987836 78579681
327847094 327965875
610607964 610824305
344968742 346008526
677847358 677895104
186508009 186733172
518449487 519118099
572685442 572976322
282088212 283538064
953652500 953673040
292772121 292855310
405700256 405719310
646193559 646582750
948011261 949534334
852830714 854664258
986106314 986313075
40088758 40309279
488118960 488260689
111650835 111818374
540672457 540908013
469899876 470338674
910565211 910748511
569900645 570081388
151802600 152617834
846701392 846928254
701134798 701348059
818821235 820061984
57504350 58187937
52727615 52813135
385358427 385837611
383638418 383876386
629583859 631820803
975232337 975525117
50073184 50225353
399087181 399177499
740155781 740843615
522537022 522581493
177893812 178994182
460571864 461723604
623690081 623728607
545587953 545698665
735514571 735582308
859854597 860020671
672298989 672470695
891028650 891332416
5725533 7858139
973756616 973867267
839296263 839954629
137532097 137628787
431045101 431051889
636973764 637209723
828095723 828117798
706422312 706952552
416526359 416629335
311666807 312039458
746167007 747227009
101734299 101756124
667905574 668172455
473121350 474521316
457518256 457988635
707998984 708506381
185474554 185587337
513230026 513566946
843419140 843502997
583796616 585087582
482732477 483290987
563625526 564119038
339809357 340252078
926551968 927999455
628417850 628848465
27947864 28415297
744886362 745164499
87041107 87104584
924885861 925055446
298419420 298450657
483571449 483645491
662018291 662445199
161359328 161631731
346948152 346997472
507077801 507771063
302111120 302709717
246061778 246708755
506147731 506607221
24979445 25330661
748431088 748951897
678890232 678939399
840829964 840906454
94257601 94308460
332667337 332695015
594152001 594626296
95602064 96321166
807555664 807780268
476190629 476275226
990148612 992120464
557932407 559078422
829389355 829887346
326187504 326729809
492599296 492601449
404197002 404539679
326078850 326152297
370156626 370215319
325240258 325976483
396372436 396719589
241518517 242249023
901276220 901281562
155898988 156416149
921258397 921943774
148785239 149595553
50884538 51693604
628210901 628307735
270883607 271052631
956085790 956123828
793411899 793794333
580041743 581335844
331455484 331602581
895405762 896586312
166366019 167066158
680948981 681389772
901347593 901405320
476962577 478245571
226888778 227577147
101430412 101488655
993219838 994067519
782327307 783362661
360630307 360751149
732904428 733449682
736540640 736941734
919065195 919280477
643293154 643537428
419646331 419755919
195619500 196280475
111963316 112075088
694053968 694961269
710524110 710674803
816472950 816969328
539585020 540020274
972912289 973708325
639921380 639970261
893913431 894443257
621463897 621852751
423654107 424526880
586393025 587344338
156448639 156644688
501899080 502882500
412598860 413234222
679854882 680160420
640815479 641283774
198091552 199627644
344043736 344216654
906281717 906492327
323854598 324531083
392982516 393394491
982822541 983553897
495912322 496359020
39015917 39480180
202710076 203226467
27355661 27414126
638270861 639052960
365177396 366783581
419108388 419134633
51853974 52371036
806308879 807497925
98771888 99958976
383439221 383612516
30014960 30596032
24694360 24769856
968799590 969714423
384881794 384942016
820119364 820585322
777113737 777367931
223476015 224728966
816248153 816353541
655439938 656643014
186779296 187469083
577871016 578811207
640629542 640761694
368799134 369094748
480153892 480564174
369101338 369437707
1902815 2230019
145244952 145402024
110311943 110880114
116383718 116565925
865083461 866452575
755189903 755589325
652844868 653014030
409691371 410700152
776314619 776841956
787746166 788198772
11717236 11821751
421624712 421702226
442045368 444687788
14502353 14653719
817020443 817633498
138344965 138486600
745446305 745638505
229118125 229846496
97416748 98304379
171238637 171601999
923078537 923371826
799979694 801006699
414068747 416006994
900015046 900559367
747314758 747319246
183444464 183691920
733534911 734400246
256094164 257048184
699204614 700264655
986457010 987548690
44833677 45040819
926138238 926500435
779451065 780512622
440404979 440442030
591393967 592429447
29154638 29950058
268117638 269122601
249003060 249589291
141418696 141425056
93422917 93688873
836573339 837080995
456156864 456256666
691631353 692234112
87425243 87518569
888987010 888998851
1
1000000000
503706238
236894610
848914734
31881138
44935375
898965883
956755547
308779139
228227769
78046620
668100962
614464016
971468616
949958445
112148978
306918403
517127403
574628715
37348701
780508236
999128568
581066777
593134359
614937501
842283813
113018874
156576573
237190126
917194768
48095576
984387339
775446778
502749625
277429888
165667173
361394369
159567619
561641028
491943759
408183812
250834230
599041143
353606773
123050700
202272384
518669428
763947428
101192932
645522543
612798872
486079311
808634458
836470904
645078468
738782219
550676482
949934196
568398300
757017875
819459571
969550110
441428554
748446916
897680904
934809750
356206971
569511714
685868128
742506208
233921633
849846866
370336222
940704358
652092655
765782814
511961257
1889906
395152544
95116148
152079533
176148917
298056945
306153703
860039705
609288387
567011811
898651437
348091359
795759764
151946874
734071967
271591480
862830853
69706560
630187196
559072029
715087701
753645250
818834598
92951247
812292265
253963282
915448739
690565711
312072328
265183043
739572125
886821862
81819487
29199857
574880675
975770527
593191166
330154422
789057638
923938760
284972312
425033910
709719740
20798837
664407495
734118932
811776545
811896573
390919175
951341690
462137649
704833659
993121847
731291798
748586543
587599950
661836955
599439767
711689090
491622809
601955292
55393204
75500594
801294532
668942214
328550565
992543855
967919097
782647432
437512744
254006283
347668392
87037368
898818685
891612923
715459843
197368909
690685675
971416537
790125698
958149219
196918841
267512421
673137761
407973242
574252341
247994880
87984925
39522039
733259569
11136047
701304827
706781346
957470849
313486110
824022913
560160039
289273086
273195546
995028987
979124885
378230918
526234134
382611959
655268066
497462137
570088487
730758345
12355684
253623102
239024136
493783816
816073817
402603196
807932055
614300943
226187616
641772769
668810326
478637949
737353214
586087711
419482603
838091701
64346907
475436522
10103968
275790431
212566146
114540347
928277731
7819749
653002084
614493456
145656519
183872247
914529493
907633641
738211970
320978696
920141390
402226509
411739373
748967630
617793066
609381443
183865863
953653446
90511913
429252057
211578226
595814829
720227311
467452321
613305077
865184520
489965958
465378351
527459064
657267101
757412824
611803036
868281611
139085304
117955382
38192646
906030687
426992359
521462228
125975054
558133323
789412350
948864586
793388888
86050504
647732756
725517332
946247438
960237814
691727300
248853523
804718174
745457045
970611693
699022603
468876023
938178957
470559795
278966819
986649488
351121510
516328828
635027304
130189410
241670864
925688435
124660297
681487784
553516829
557406728
684472348
133851686
221784514
786353645
195106968
283320223
707741658
972074779
864930905
305020254
179946915
27412555
148115808
16614062
197502206
979134078
311699344
694050658
960986611
875818870
813264178
190104142
128777003
899905082
234865522
673255371
77366388
366636438
530695391
282140215
835939649
281519768
83756527
848375923
634101543
567312661
994926969
103085155
636284514
636873250
682533177
217625970
359311950
892241563
417010767
557865739
963925485
950489503
529458624
847863073
783609960
211758353
158274292
119586984
92716422
757005849
969113142
966545433
250199094
236072865
435357495
803659250
166085387
91542233
145659276
623314228
173686971
801111476
538716459
779843555
854629536
594734441
65252082
566179722
763420471
49000690
205597472
854600116
279796899
947561360
523293658
215904372
990240554
266348357
953910183
149433566
33096119
25693016
978129397
184378251
707304023
549912277
790819730
939766041
120811708
181698314
460129075
113632425
459497661
834122252
407110640
67128928
702479060
618204464
596862918
470811622
443750046
495853458
883671572
806626026
637835615
185031825
126500894
183586715
310266491
545753681
948232078
591914800
242578430
960792119
214592238
283755106
323612949
949628273
950024750
891849197
320365203
578059628
198793508
312110355
212429677
997300828
936066567
577146904
7575358
984959927
828781044
379069127
916051140
315174074
554147690
415280875
321411681
739359459
239332557
786005207
101290139
588145781
951707366
888590815
497123484
125347575
583995745
989961437
62858418
789567925
168769869
366959789
925984976
154787389
791231392
5328049
997905164
610721508
763317169
444706125
273340959
399220031
246581180
134231148
862330856
32481450
102768482
142536185
616354281
892374212
827215398
211991655
103012296
608633329
376886256
258425642
891556816
694233559
952592782
316369724
834572653
733747681
723952942
909937561
170025908
193613759
519904486
527363523
255895000
135729636
3036461
610322494
445290422
618191367
773998943
114418453
192575050
395363747
475265596
770546771
983596088
206131318
156078185
783623819
18159684
58333445
382187757
339876689
620910042
465191191
564165046
359627711
649066375
840155190
234282002
107501297
369068925
150305841
446207798
733410953
734362643
74035101
282193083
644437291
322841667
47767631
221199131
726036226
863336491
387737059
216968248
161164858
242361741
621247033
519704022
445216132
802076750
759201778
521535516
516928661
540603130
878016247
887678488
723945126
138790207
821907699
840279608
504284406
532991085
634756564
888796881
992093507
799191037
865567822
164993691
674682965
981939719
708243544
288952626
232854132
877698506
122361772
177217943
733156332
61880360
952362059
490120878
223690640
39683111
563138807
159010238
588296500
591946609
844220856
878285044
732372530
74558164
741070424
458715103
992819686
713713347
555881703
756690933
493831730
117404628
692055095
755070221
715682811
696968512
271712352
785202148
709222314
720911207
502275390
715733144
543795627
209964105
821671150
770596143
206579953
734002701
607943253
52208145
87434096
718162302
537531289
245587594
955642018
846238857
430102181
858054986
214068227
419338432
167988137
351187172
745106325
242481626
590010264
554089554
730996829
41293872
197104809
760287599
24919780
504073026
667092183
729104764
785663926
239652912
362875489
170641820
782746086
698184258
659743818
952787799
81898377
705976161
738169050
840283931
32962614
373981339
725900315
73182390
732270989
982480547
901121629
798999005
114554285
317157966
184401074
814162601
713143227
811568919
356014962
279420437
877317218
389222811
173574329
777326721
797447758
342790686
920616164
884137522
630927536
849612037
109249304
769219023
773262269
989553498
822799803
746462438
801339695
549123404
876183289
440177253
441502914
434176683
965737280
146125089
42808504
524059504
696197060
641713234
580738134
257550899
425048828
326206485
111862885
764653747
208722723
523369449
661659569
551289426
380512440
603534642
9278861
586863254
580527870
177873850
896957518
242313642
80194685
57842219
331503563
325905626
378533247
756738710
529022948
698372379
219198612
687939823
184553720
658344832
657343246
890113934
987650669
205857734
881045382
440440239
34149675
894176457
54771285
96819187
554705441
306282253
311799324
804004573
139807423
643008310
55292988
5427542
901578107
2502288
229355359
686532906
341652044
221125512
816425965
836103561
657657138
15097392
425772696
704830342
48013484
682891455
826422993
352426651
76424768
745039375
811909456
623133988
860562167
556725278
676191888
197813983
530500061
119160973
683330384
402388338
38139525
493313316
123450643
470554341
123664772
929368652
686354593
94085668
928754930
946078099
388243076
738264958
649244396
39435308
181875084
307793705
985756692
567286124
644815691
745035707
251282959
919686990
664179866
7450802
934827526
26739952
545933330
834597102
39859494
711081748
876054164
531244338
677417760
753285792
361682370
415079078
67930793
372385566
737785987
663074136
542724091
612749117
899070339
718893238
177120083
830532942
446931376
402763797
100532081
376593351
757357246
620484398
566671899
225091012
501585316
384413339
654118042
898779009
336980253
404239454
348352570
787594465
264336936
297833051
637578959
431496170
373378185
846665434
545895211
303839559
70939462
450739974
476977577
14436037
159548714
445491568
358564517
645058518
38974789
837201036
541586177
145609745
868019049
725022002
731968674
466156463
404305583
794890015
175501553
836198928
288818672
628756850
258157403
324878900
957572685
662718767
804959185
362887491
228090792
970516415
342073161
462922502
154233640
929969006
247537211
756626027
236488633
679969260
303568676
902110212
979613322
213169869
823575815
858559624
386210701
888226825
802525159
843501905
442216954
648251004
801817421
747974365
978829004
765993575
388220104
834273614
216699714
269550573
407536233
15380202
551176544
470234007
291737923
423001755
991562347
391617233
19440625
658740335
708003185
936495210
516869392
450004505
620232127
890210584
864070080
492674414
131209577
728860146
75301415
930485482
308249541
695800052
338932718
991744553
322988016
52208510
872010434
701851758
312415047
198021845
342126804
194935583
538121199
900764321
448173914
690522694
266505551
66932590
395285260
943758098
814087313
144489259
505460903
532691028
271383844
253671341
22558573
512507651
220091196
529426221
691038115
359782584
742368337
869526214
659981074
989318706
233670044
261265656
374345607
899166676
159217821
974139432
61392212
16079394
319566232
854778141
304156620
27463240
499209746
289140613
331539914
411270803
115791193
839170670
173098539
456062197
394381050
950788813
92764239
728507269
491367241
149008890
503663772
216502525
89615324
279636530
769157883
701476154
965024272
227054356
736425305
838334400
965134723
522634277
591005224
331579956
110314648
119394636
175226075
380911328
193611510
121447766
932226669
311669554
181507081
920952947
366051803
719174204
485870976
550390967
506457765
108005174
917460429
246138522
312184657
248423416
235078312
473917305
231279080
557133697
84437900
189671954
584096375
571791475
876307513
68157708
525728656
